9.72
9.72
9.72
9.7
9.7
9.71
9.71
9.71
9.71
9.71
9.71
9.71
9.71
9.71
9.71
9.72
9.72
9.71
9.71
9.72
9.72
9.72
9.72
9.71
9.71
9.74
9.74
9.68
9.68
9.72
9.72
9.69
9.69
9.67
9.67
9.7
9.7
9.54
9.54
9.92
9.92
9.72
9.72
9.72
9.72
9.97
9.97
9.88
9.88
9.63
9.63
9.74
9.74
9.81
9.81
9.74
9.74
9.72
9.72
9.71
9.71
9.72
9.72
10.34
10.34
9.42
9.42
11.39
11.39
8.45
8.45
8.31
8.31
10.33
10.33
10.46
10.46
11.38
11.38
10.23
10.23
8.7
8.7
9.41
9.41
9.43
9.43
9.04
9.04
9.35
9.35
9.67
9.67
10.83
10.83
10.59
10.59
9.03
9.03
9.18
9.18
9.25
9.25
8.9
8.9
10.62
10.62
10.78
10.78
9.28
9.28
9.43
9.43
9.64
9.64
9.74
9.74
9.91
9.91
10.61
10.61
10.7
10.7
9.18
9.18
9.15
9.15
8.63
8.63
9.01
9.01
9.47
9.47
10.29
10.29
9.95
9.95
9.67
9.67
9.49
9.49
9.16
9.16
10.02
10.02
9.96
9.96
9.02
9.02
9.27
9.27
8.58
8.58
10.95
10.95
13.33
13.33
8.28
8.28
8.28
10.05
10.05
6.47
6.47
9.39
9.39
9.71
9.71
9.73
9.73
9.72
9.72
9.7
9.7
9.7
9.7
9.73
9.73
9.72
9.72
9.74
9.74
9.74
9.74
9.72
9.72
9.79
9.79
9.86
9.86
9.98
9.98
9.89
9.89
9.94
9.94
11.87
11.87
12.99
12.99
11.92
11.92
11.03
11.03
8.97
8.97
12.37
12.37
8.78
8.78
9.17
9.17
8.32
8.32
8.47
8.47
9.88
9.88
9.93
9.93
9.18
9.18
9.75
9.75
9.37
9.37
11.07
11.07
8.58
8.58
9.8
9.8
7.91
7.91
8.57
8.57
9.85
9.85
8.94
8.94
9.16
9.16
11.21
11.21
9.95
9.95
11.23
11.23
10.77
10.77
9.4
9.4
9.09
9.09
10.05
10.05
8.84
8.84
10.93
10.93
9.11
9.11
10.9
10.9
7.05
7.05
9.8
9.8
9.35
9.35
9.7
9.7
8.9
8.9
8.4
8.4
10.59
10.59
10.11
10.11
9.96
9.96
10.64
10.64
9.79
9.79
9.7
9.7
10.06
10.06
10.05
10.05
9.84
9.84
9.48
9.48
9.26
9.26
9.37
9.37
8.99
8.99
10.2
10.2
9.23
9.23
9.53
9.53
8.41
8.41
9.16
9.16
11.3
11.3
8.83
8.83
10.16
10.16
12.83
12.83
11.79
11.79
12.82
12.82
11.23
11.23
8.26
8.26
6.7
6.7
8.7
8.7
9.44
9.45
9.45
10.44
10.44
11.29
11.29
12.2
12.2
10.48
10.48
11.22
11.22
10.61
10.61
10.95
10.95
9.41
9.41
10.27
10.27
9.91
9.91
9.71
9.71
9.12
9.12
9.47
9.47
8.22
8.22
10.79
10.79
8.86
8.86
8.55
8.55
9.19
9.19
9.8
9.8
9.97
9.97
8.11
8.11
10.15
10.15
9.58
9.58
7.49
7.49
8.35
8.35
7.24
7.24
6.38
6.38
7.39
7.39
7.79
7.79
8.37
8.37
7.97
7.97
8.44
8.44
10.06
10.06
9.98
9.98
9.46
9.46
10.22
10.22
11.96
11.96
11.89
11.89
12.77
12.77
12.59
12.59
12.24
12.24
12.56
12.56
10.96
10.96
12.17
12.17
11.1
11.1
9.02
9.02
9.59
9.59
8.81
8.81
9.94
9.94
10.2
10.2
10.51
10.51
10.03
10.03
9.14
9.14
9.53
9.53
8.87
8.87
10.45
10.45
10.28
10.28
9.56
9.56
9.84
9.84
9.0
9.0
8.9
8.9
10.2
10.2
9.87
9.87
9.38
9.38
9.26
9.26
9.25
9.25
9.74
9.74
9.51
9.51
9.51
9.51
9.47
9.47
9.35
9.35
9.76
9.76
9.94
9.94
10.19
10.19
10.07
10.07
9.68
9.68
9.78
9.78
9.58
9.58
9.8
9.8
9.88
9.88
9.96
9.96
9.59
9.59
9.76
9.76
9.44
9.44
9.31
9.31
9.31
9.67
9.67
9.56
9.56
10.14
10.14
10.07
10.07
9.62
9.62
9.09
9.09
9.26
9.26
9.9
9.9
10.09
10.09
9.87
9.87
10.16
10.16
9.82
9.82
9.85
9.85
9.51
9.51
9.42
9.42
9.45
9.45
9.99
9.99
9.77
9.77
10.14
10.14
10.01
10.01
9.79
9.79
9.75
9.75
9.04
9.04
9.34
9.34
9.93
9.93
9.16
9.16
9.38
9.38
9.62
9.62
9.51
9.51
9.84
9.84
9.76
9.76
9.99
9.99
9.86
9.86
9.95
9.95
9.93
9.93
9.75
9.75
9.82
9.82
9.69
9.69
9.92
9.92
9.63
9.63
9.16
9.16
9.74
9.74
9.38
9.38
9.58
9.58
9.96
9.96
9.7
9.7
9.8
9.8
9.75
9.75
9.83
9.83
9.79
9.79
9.66
9.66
9.92
9.92
9.71
9.71
9.31
9.31
9.29
9.29
9.72
9.72
9.47
9.47
10.33
10.33
12.12
12.12
12.68
12.68
12.96
12.96
11.19
11.19
12.4
12.4
12.41
12.41
11.54
11.54
10.5
10.5
9.36
9.36
9.42
9.42
9.77
9.77
9.16
9.16
8.64
8.64
8.16
8.16
9.26
9.26
7.43
7.43
8.93
8.93
7.91
7.91
7.5
7.5
8.47
8.47
8.22
8.2
8.2
9.78
9.78
9.18
9.18
8.75
8.75
8.99
8.99
9.53
9.53
9.83
9.83
10.24
10.24
9.89
9.89
9.49
9.49
9.2
9.2
9.79
9.79
9.57
9.57
9.57
9.57
10.06
10.06
9.45
9.45
9.63
9.63
9.61
9.61
9.53
9.53
9.54
9.54
9.6
9.6
10.08
10.08
9.77
9.77
9.68
9.68
9.86
9.86
9.88
9.88
9.91
9.91
9.75
9.75
9.67
9.67
9.61
9.61
9.5
9.5
9.92
9.92
9.98
9.98
9.5
9.5
9.58
9.58
9.5
9.5
9.26
9.26
9.76
9.76
9.87
9.87
9.95
9.95
9.89
9.89
9.5
9.5
9.72
9.72
9.9
9.9
9.79
9.79
10.06
10.06
9.25
9.25
8.76
8.76
9.51
9.51
9.41
9.41
10.14
10.14
10.4
10.4
8.31
8.31
9.22
9.22
9.9
9.9
10.52
10.52
10.2
10.2
10.33
10.33
12.2
12.2
7.24
7.24
9.36
9.36
11.36
11.36
9.03
9.03
9.89
9.89
8.22
8.22
11.59
11.59
9.91
9.91
8.23
8.23
7.29
7.29
10.13
10.13
12.87
12.87
10.17
10.17
9.04
9.04
8.02
8.02
10.97
10.97
11.92
11.92
8.46
8.46
6.81
6.81
8.75
8.75
10.37
10.37
9.35
9.35
8.13
8.13
6.85
6.85
9.74
9.74
11.94
11.94
8.6
8.6
10.64
10.64
10.64
9.71
9.71
14.28
14.28
14.14
14.14
11.73
11.73
10.37
10.37
10.59
10.59
10.23
10.23
9.09
9.09
8.01
8.01
8.28
8.28
8.45
8.45
9.49
9.49
9.63
9.63
9.17
9.17
10.3
10.3
9.89
9.89
12.66
12.66
10.65
10.65
7.62
7.62
10.34
10.34
12.11
12.11
10.0
10.0
9.71
9.71
9.54
9.54
9.76
9.76
10.36
10.36
9.84
9.84
9.91
9.91
11.76
11.76
12.41
12.41
9.89
9.89
10.45
10.45
9.99
9.99
7.65
7.65
7.41
7.41
7.4
7.4
7.44
7.44
9.9
9.9
7.71
7.71
7.6
7.6
12.24
12.24
12.36
12.36
9.7
9.7
9.59
9.59
10.12
10.12
9.66
9.66
11.15
11.15
12.13
12.13
10.44
10.44
10.85
10.85
10.39
10.39
9.44
9.44
8.64
8.64
9.38
9.38
12.39
12.39
9.91
9.91
9.09
9.09
9.93
9.93
10.11
10.11
9.92
9.92
8.65
8.65
9.18
9.18
11.09
11.09
9.68
9.68
8.36
8.36
7.67
7.67
8.96
8.96
9.73
9.73
11.0
11.0
9.6
9.6
9.23
9.23
9.06
9.06
11.73
11.73
12.6
12.6
10.7
10.7
9.59
9.59
9.21
9.21
9.67
9.67
10.17
10.17
10.9
10.9
9.65
9.65
9.27
9.27
9.95
9.95
9.78
9.78
9.7
9.7
10.16
10.16
10.18
10.18
10.18
9.44
9.44
8.73
8.73
9.3
9.3
9.36
9.36
8.96
8.96
9.45
9.45
9.61
9.61
9.44
9.44
9.26
9.26
8.6
8.6
9.12
9.12
9.85
9.85
9.05
9.05
10.05
10.05
10.21
10.21
10.83
10.83
10.9
10.9
11.04
11.04
10.76
10.76
11.23
11.23
10.57
10.57
10.38
10.38
10.64
10.64
10.14
10.14
10.06
10.06
9.95
9.95
9.86
9.86
9.51
9.51
9.67
9.67
9.59
9.59
9.58
9.58
9.7
9.7
9.63
9.63
9.84
9.84
9.69
9.69
9.58
9.58
9.83
9.83
9.54
9.54
9.74
9.74
9.95
9.95
10.01
10.01
9.74
9.74
9.81
9.81
9.68
9.68
9.66
9.66
9.92
9.92
9.81
9.81
9.94
9.94
9.7
9.7
9.61
9.61
9.74
9.74
9.73
9.73
9.62
9.62
9.7
9.7
9.53
9.53
9.54
9.54
9.58
9.58
9.23
9.23
9.56
9.56
9.36
9.36
9.45
9.45
11.99
11.99
11.84
11.84
10.35
10.35
10.63
10.63
10.06
10.06
11.01
11.01
10.93
10.93
11.34
11.34
10.66
10.66
10.27
10.27
10.03
10.03
9.6
9.6
9.5
9.5
9.27
9.27
8.84
8.84
9.5
9.5
8.93
8.93
9.19
9.19
10.0
10.0
10.49
10.49
9.11
9.11
7.58
7.58
7.34
7.34
9.0
9.0
10.77
10.77
11.26
11.26
11.22
11.31
11.31
11.68
11.68
11.41
11.41
11.58
11.58
10.17
10.17
11.45
11.45
10.87
10.87
10.44
10.44
10.55
10.55
9.3
9.3
9.59
9.59
9.95
9.95
10.32
10.32
9.15
9.15
11.52
11.52
11.57
11.57
9.38
9.38
9.61
9.61
9.91
9.91
9.99
9.99
9.11
9.11
9.5
9.5
10.08
10.08
8.48
8.48
8.94
8.94
6.89
6.89
10.94
10.94
10.15
10.15
6.69
6.69
10.02
10.02
11.07
11.07
8.94
8.94
9.19
9.19
10.38
10.38
10.28
10.28
9.31
9.31
9.58
9.58
10.05
10.05
9.3
9.3
8.98
8.98
9.43
9.43
10.08
10.08
9.31
9.31
9.41
9.41
9.64
9.64
9.62
9.62
9.5
9.5
9.55
9.55
9.91
9.91
9.19
9.19
9.62
9.62
9.76
9.76
10.07
10.07
9.65
9.65
9.27
9.27
8.8
8.8
9.39
9.39
10.37
10.37
9.44
9.44
9.77
9.77
10.5
10.5
10.62
10.62
9.3
9.3
9.79
9.79
9.8
9.8
9.89
9.89
8.86
8.86
8.53
8.53
8.88
8.88
10.17
10.17
10.24
10.24
9.88
9.88
10.29
10.29
9.25
9.25
10.09
10.09
10.72
10.72
10.46
10.46
10.26
10.26
10.48
10.48
10.01
10.01
9.82
9.82
9.02
9.02
9.02
9.02
9.05
9.05
9.59
9.59
10.75
10.75
10.2
10.2
10.46
10.48
10.48
11.07
11.07
8.48
8.48
7.92
7.92
10.57
10.57
10.79
10.79
8.83
8.83
9.83
9.83
9.89
9.89
9.42
9.42
8.4
8.4
10.66
10.66
14.27
14.27
10.45
10.45
7.46
7.46
9.39
9.39
11.46
11.46
9.47
9.47
9.8
9.8
10.29
10.29
9.33
9.33
10.68
10.68
9.68
9.68
8.01
8.01
8.16
8.16
8.83
8.83
9.08
9.08
10.37
10.37
10.42
10.42
9.37
9.37
10.15
10.15
9.25
9.25
9.25
9.25
10.14
10.14
10.25
10.25
9.81
9.81
10.62
10.62
12.1
12.1
9.7
9.7
6.97
6.97
7.85
7.85
10.2
10.2
9.79
9.79
9.15
9.15
9.58
9.58
9.8
9.8
10.1
10.1
10.69
10.69
10.38
10.38
9.41
9.41
10.07
10.07
9.89
9.89
9.48
9.48
9.56
9.56
9.4
9.4
8.96
8.96
9.14
9.14
9.23
9.23
10.37
10.37
10.2
10.2
10.32
10.32
11.8
11.8
11.56
11.56
10.41
10.41
9.28
9.28
8.71
8.71
8.62
8.62
8.91
8.91
8.64
8.64
8.64
8.64
9.08
9.08
9.17
9.17
9.94
9.94
11.57
11.57
11.99
11.99
10.37
10.37
10.11
10.11
13.51
13.51
11.95
11.95
8.14
8.14
8.19
8.19
8.58
8.58
7.79
7.79
7.86
7.86
8.15
8.15
8.68
8.68
9.44
9.44
9.85
9.85
10.0
10.0
10.37
10.37
10.95
10.95
10.95
11.33
11.33
10.33
10.33
12.13
12.13
10.57
10.57
7.59
7.59
9.02
9.02
8.93
8.93
8.17
8.17
7.99
7.99
7.77
7.77
8.69
8.69
10.59
10.59
8.57
8.57
9.06
9.06
10.7
10.7
13.14
13.14
9.24
9.24
9.82
9.82
14.39
14.39
11.79
11.79
10.16
10.16
9.46
9.46
8.85
8.85
6.07
6.07
6.47
6.47
11.33
11.33
9.28
9.28
8.75
8.75
10.99
10.99
10.17
10.17
11.69
11.69
11.2
11.2
10.39
10.39
14.59
14.59
12.79
12.79
9.5
9.5
7.13
7.13
8.46
8.46
9.27
9.27
8.65
8.65
7.79
7.79
8.43
8.43
9.48
9.48
8.34
8.34
10.36
10.36
9.59
9.59
10.77
10.77
10.07
10.07
10.22
10.22
9.47
9.47
11.24
9.81
9.81
9.8
9.8
10.59
10.59
10.58
10.58
9.2
9.2
8.77
8.77
9.32
9.32
10.05
10.05
9.49
9.49
9.62
9.62
9.83
9.83
11.15
11.15
13.17
13.17
9.17
9.17
7.61
7.61
8.76
8.76
10.99
10.99
11.21
11.21
8.8
8.8
8.57
8.57
9.85
9.85
10.29
10.29
10.7
10.7
10.67
10.67
10.06
10.06
9.44
9.44
11.02
11.02
11.21
11.21
8.75
8.75
10.12
10.12
8.48
8.48
8.7
8.7
8.52
8.52
8.51
8.51
9.82
9.82
9.26
9.26
8.89
8.89
8.89
10.97
10.97
9.88
9.88
9.97
9.97
10.61
10.61
11.13
11.13
10.64
10.64
9.52
9.52
10.9
10.9
11.76
11.76
10.3
10.3
10.68
10.68
9.0
9.0
9.75
9.75
9.21
9.21
9.4
9.4
8.7
8.7
8.24
8.24
8.68
8.68
9.18
9.18
9.86
9.86
10.45
10.45
10.81
10.81
10.03
10.03
10.31
10.31
10.9
10.9
9.24
9.24
9.29
9.29
9.06
9.06
9.35
9.35
9.88
9.88
9.88
9.88
10.59
10.59
10.63
10.63
9.47
9.47
9.79
9.79
9.11
9.11
9.16
9.16
9.83
9.83
9.47
9.47
9.87
9.87
9.88
9.88
9.38
9.38
9.31
9.31
9.52
9.52
9.4
9.4
10.19
10.19
10.47
10.47
9.85
9.85
9.34
9.34
9.57
9.57
10.26
10.26
11.04
11.04
10.32
10.32
10.02
10.02
10.22
10.22
9.89
9.89
9.33
9.33
8.22
8.22
8.52
8.52
9.83
9.83
9.21
9.21
9.93
9.93
10.35
10.35
10.02
10.02
9.78
9.78
9.7
9.7
9.74
9.74
10.53
10.53
9.57
9.57
9.24
9.24
9.69
9.69
9.02
9.02
9.9
9.9
10.1
10.1
9.95
9.95
11.02
11.02
10.03
10.03
9.92
9.92
11.12
11.12
10.56
10.56
10.32
10.32
10.72
10.72
9.3
9.3
8.48
8.48
8.12
8.12
7.5
7.5
8.46
8.46
8.49
8.49
8.8
8.8
8.8
8.91
8.91
8.11
8.11
10.63
10.63
11.68
11.68
12.05
11.71
11.71
11.0
11.0
12.15
11.65
11.65
10.96
10.96
10.71
10.71
9.39
9.39
8.49
8.49
8.24
8.24
8.95
8.95
9.09
9.09
8.64
8.64
9.88
9.88
11.23
11.23
10.93
10.93
10.93
10.93
9.82
9.82
9.69
9.69
9.65
9.65
8.9
8.9
8.74
8.74
9.71
9.71
10.35
10.35
9.95
9.95
9.65
9.65
9.38
9.38
10.23
10.23
10.72
10.72
9.98
9.98
8.95
8.95
8.87
8.87
9.12
9.12
9.85
9.85
10.31
10.31
9.0
9.0
10.51
10.51
12.41
12.41
10.65
10.65
9.04
9.04
8.69
8.69
8.94
8.94
10.0
10.0
10.19
10.19
9.7
9.7
9.88
9.88
9.11
9.11
10.22
10.22
10.04
10.04
8.81
8.81
10.78
10.78
10.24
10.24
9.97
9.97
9.74
9.74
9.77
9.77
9.75
9.75
10.17
10.17
10.32
10.32
10.1
10.1
9.98
9.98
10.67
10.67
10.16
10.16
9.43
9.43
9.46
9.46
10.11
10.11
11.16
11.16
11.02
11.02
9.32
9.32
9.47
9.47
9.33
9.33
9.94
9.94
9.98
9.98
7.91
7.91
8.19
8.19
8.84
8.84
7.78
7.78
9.33
9.33
10.28
10.28
9.52
9.52
10.7
10.7
11.56
11.56
10.91
10.91
10.91
12.88
12.88
11.74
11.74
10.03
10.03
10.43
10.43
9.31
9.31
8.96
8.96
8.04
8.04
8.0
8.0
8.4
8.4
8.99
8.99
9.29
9.29
10.33
10.33
10.39
10.39
9.92
9.92
12.08
12.08
12.29
12.29
9.43
9.43
8.9
8.9
8.17
8.17
8.44
8.44
8.58
8.58
7.72
7.72
8.68
8.68
10.15
10.15
10.74
10.74
11.33
11.33
11.41
11.41
8.65
8.65
13.74
13.74
12.92
12.92
9.47
9.47
8.33
8.33
9.2
9.2
9.55
9.55
8.21
8.21
8.13
8.13
8.63
8.63
8.97
8.97
10.23
10.23
11.66
11.66
11.17
11.17
9.49
9.49
10.75
10.75
11.72
11.72
10.18
10.18
10.01
10.01
9.41
9.41
8.79
8.79
9.29
9.29
8.79
8.79
7.88
7.88
9.06
9.06
9.97
9.97
10.73
10.73
8.71
8.71
11.47
11.47
10.9
10.9
9.91
9.91
10.22
9.35
9.35
8.3
8.3
9.51
9.51
9.23
9.23
10.35
10.35
11.46
11.46
10.06
10.06
9.36
9.36
10.22
10.22
9.67
9.67
10.45
10.45
10.1
10.1
10.18
10.18
9.64
9.64
10.17
10.17
11.15
11.15
10.82
10.82
9.95
9.95
9.7
9.7
8.91
8.91
8.38
8.38
8.16
8.16
9.81
9.81
9.4
9.4
9.46
9.46
10.55
10.55
10.55
10.76
10.76
12.29
12.29
12.72
12.72
13.12
13.12
12.35
12.35
11.44
11.44
10.36
10.36
9.39
9.39
8.82
8.82
7.5
7.5
7.82
7.82
8.52
8.52
7.61
7.61
7.77
7.77
8.21
8.21
8.23
8.23
8.58
8.58
9.95
9.95
10.41
10.41
10.78
10.78
9.97
9.97
9.59
9.59
9.37
9.37
9.99
9.99
8.96
8.96
8.78
8.78
9.6
9.6
9.77
9.77
10.19
10.19
9.65
9.65
9.35
9.35
9.72
9.72
10.14
10.14
10.55
10.55
10.05
10.05
10.26
10.26
10.49
10.49
10.39
10.39
10.64
10.64
10.26
10.26
10.29
10.29
10.85
10.85
11.12
11.12
11.86
11.86
10.71
10.71
9.07
9.07
9.09
9.09
9.18
9.18
7.97
7.97
8.53
8.53
8.76
8.76
9.06
9.06
9.71
9.71
9.48
9.48
9.03
9.03
9.58
9.58
8.89
8.89
9.11
9.11
9.13
9.13
9.51
9.51
10.36
10.36
9.86
9.86
9.79
9.79
10.56
10.56
9.62
9.62
9.43
9.43
9.63
9.63
9.1
9.1
9.12
9.12
9.0
9.0
10.25
10.25
9.86
9.86
9.32
9.32
9.26
9.26
9.76
9.76
10.17
10.17
10.1
10.1
10.13
10.13
11.01
11.01
10.94
10.94
11.41
11.41
10.98
10.98
11.22
11.22
12.08
12.08
10.49
10.49
8.77
8.77
8.95
8.95
8.59
8.59
8.75
8.75
8.75
8.53
8.53
8.4
8.4
8.93
8.93
9.55
9.55
8.73
8.73
9.1
9.1
9.18
9.18
8.93
8.93
10.59
10.59
11.73
11.73
11.08
11.08
11.06
11.06
11.43
11.35
11.35
11.45
11.45
11.06
11.06
9.86
9.86
9.08
9.08
7.72
7.72
7.9
7.9
8.4
8.4
8.3
8.3
8.35
8.35
8.31
8.31
8.94
8.94
9.14
9.14
10.33
10.33
9.93
9.93
10.29
10.29
10.65
10.65
9.24
9.24
11.79
11.79
13.46
13.46
9.9
9.9
11.08
11.08
12.52
12.52
12.89
12.89
9.98
9.98
8.52
8.52
7.72
7.72
7.86
7.86
7.09
7.09
6.72
6.72
7.17
7.17
7.92
7.92
9.02
9.02
10.74
10.74
11.39
11.39
13.91
13.91
13.32
13.32
12.26
12.26
13.37
13.37
11.23
11.23
8.85
8.85
7.65
7.65
6.85
6.85
8.77
8.77
9.1
9.1
7.59
7.59
7.51
7.51
9.11
9.11
9.87
9.87
10.48
10.48
9.69
9.69
10.0
10.0
10.22
10.22
10.96
10.96
11.2
11.2
11.72
11.72
11.34
11.34
10.05
9.05
9.05
9.62
9.62
9.73
9.73
9.35
9.35
8.55
8.55
7.5
7.5
8.35
8.35
8.91
8.91
7.42
7.42
8.38
8.38
9.07
9.07
9.05
9.05
10.23
10.23
10.0
10.0
9.41
9.41
9.59
9.59
10.27
10.27
10.75
10.75
9.77
9.77
9.77
7.66
9.99
9.99
9.99
9.76
9.76
8.5
8.5
8.96
8.96
7.97
7.97
6.85
6.85
7.76
7.76
8.71
8.71
9.27
9.27
10.05
10.05
11.25
11.25
11.43
11.43
12.49
12.49
11.27
11.27
9.42
9.42
9.97
9.97
9.91
9.91
8.01
8.01
8.31
8.31
6.94
6.94
7.54
7.54
9.07
9.07
9.16
9.16
12.73
12.73
12.63
12.63
11.76
11.76
9.76
9.76
10.82
10.82
10.64
9.41
9.41
9.15
9.15
8.09
8.09
7.68
7.68
8.24
8.24
8.83
8.83
9.37
9.37
9.96
9.96
10.38
10.38
11.33
11.33
13.11
13.11
11.85
11.85
9.05
9.05
10.59
10.59
10.93
10.93
9.31
9.31
9.52
9.52
7.8
7.8
6.4
6.4
7.45
7.45
7.74
7.74
7.99
7.99
8.83
8.83
12.7
12.7
11.93
11.93
9.19
9.19
14.68
14.68
12.96
12.96
8.55
8.55
9.22
9.22
7.61
7.61
8.11
8.11
8.99
8.99
8.65
8.65
8.83
8.83
9.67
9.67
9.94
9.94
10.77
10.77
12.91
12.91
11.19
11.19
10.3
10.3
11.06
11.06
10.87
10.87
8.34
8.34
7.01
7.01
7.35
7.35
7.02
7.02
8.26
8.26
10.14
10.14
11.23
11.23
12.0
12.0
12.55
12.55
11.77
11.77
10.7
10.7
10.04
10.04
8.86
8.86
9.35
9.35
8.36
8.38
8.16
8.28
8.28
9.08
9.08
8.68
8.68
9.1
9.1
10.08
10.08
10.01
10.01
10.56
10.56
11.86
11.86
10.74
10.74
10.29
10.29
10.43
10.43
11.17
11.17
12.7
12.7
12.09
12.09
8.52
8.52
8.65
8.65
9.07
9.07
10.25
10.25
11.04
11.04
9.65
9.65
10.22
10.22
11.14
11.14
9.9
9.9
8.92
8.92
6.91
6.91
7.78
7.78
9.68
9.68
9.48
9.48
9.16
9.16
8.55
8.55
9.12
9.12
10.52
10.52
10.51
10.51
11.75
11.75
11.12
11.12
10.79
10.79
12.14
12.14
11.52
11.52
9.37
9.37
8.31
8.31
8.25
8.25
9.39
9.39
9.81
9.81
9.24
9.24
9.33
9.33
8.59
8.59
9.63
9.63
9.92
9.92
11.25
11.25
11.38
11.38
11.28
11.28
13.72
13.72
10.1
10.1
8.03
8.03
7.68
7.68
8.3
8.3
9.63
9.63
9.12
9.12
9.15
9.15
9.89
9.89
9.08
9.08
9.36
9.36
9.71
9.71
10.81
10.81
9.88
9.88
10.73
10.73
13.39
13.39
10.0
10.0
8.04
8.04
9.13
9.13
9.02
9.02
10.07
10.07
10.29
10.29
9.66
9.66
9.56
9.56
10.1
10.1
10.06
10.06
10.44
10.44
9.73
9.73
9.81
9.81
13.02
13.02
11.91
11.91
10.37
10.37
9.15
9.15
9.24
9.24
10.12
10.12
10.74
10.74
10.74
10.96
10.96
9.48
9.48
9.42
9.42
10.6
10.6
9.61
9.61
8.54
8.54
8.95
8.95
9.56
9.56
10.51
10.51
10.79
10.79
10.6
10.6
10.61
10.61
9.23
9.23
8.59
8.59
8.94
8.94
9.32
9.32
10.45
10.45
9.08
9.08
9.45
9.45
10.46
10.46
10.46
10.46
10.15
10.15
10.55
10.55
12.75
12.75
9.7
9.7
9.26
9.26
9.88
9.88
8.91
8.91
8.33
8.33
8.07
8.07
8.58
8.58
9.92
9.92
9.48
9.48
10.22
10.22
10.27
10.27
9.77
9.77
9.92
9.92
9.14
9.14
10.54
10.54
11.94
11.94
10.04
10.04
9.93
9.93
9.99
9.99
9.33
9.33
9.37
9.37
9.34
9.34
9.14
9.14
10.12
10.12
9.55
9.55
9.67
9.67
10.61
10.53
10.53
10.64
10.64
10.83
10.83
10.25
10.25
10.59
10.59
9.13
9.13
8.87
8.87
9.0
9.0
9.05
9.05
9.81
9.81
9.16
9.16
9.44
9.44
10.32
10.32
9.82
9.82
10.64
10.64
12.62
12.62
11.15
11.15
8.25
8.25
8.15
8.15
7.76
7.76
9.12
9.12
8.4
8.4
9.32
9.32
10.31
10.31
11.79
11.79
11.85
11.85
8.74
8.74
9.34
9.34
10.44
10.44
8.94
8.94
10.01
10.01
11.01
11.01
8.57
8.57
10.09
10.09
11.61
11.61
13.12
13.12
9.4
9.4
9.4
8.47
8.47
9.92
9.92
9.9
9.9
8.82
8.82
8.5
8.5
7.64
7.64
8.36
8.36
9.17
9.17
9.64
9.64
10.44
10.44
11.28
11.28
10.53
10.53
10.46
10.46
11.71
11.71
11.41
11.41
9.43
9.43
8.7
8.7
8.83
8.83
8.77
8.77
9.83
9.83
8.7
8.7
9.01
9.01
7.63
7.63
6.58
6.58
12.72
12.72
8.75
8.75
8.77
8.77
10.44
10.44
11.3
11.3
10.73
10.73
10.33
10.33
11.27
11.27
9.75
9.75
10.98
10.98
12.14
12.14
9.22
9.22
8.48
8.48
8.21
8.21
8.01
8.01
8.0
8.0
9.1
9.1
10.19
10.19
9.23
9.23
9.04
9.04
9.61
9.61
10.93
10.93
11.09
11.09
10.35
10.35
11.16
11.16
12.92
12.92
11.2
11.2
8.55
8.55
8.23
8.23
8.55
8.55
9.95
9.95
9.74
9.74
9.41
9.41
8.74
8.74
8.85
8.85
9.36
9.36
10.02
10.02
9.11
9.11
10.71
10.71
12.86
12.86
10.02
10.02
8.88
8.88
9.01
9.01
9.08
9.08
9.42
9.42
8.83
8.83
8.58
8.58
9.89
9.89
10.27
10.27
9.7
9.7
12.33
12.33
11.46
11.46
9.49
9.49
10.38
10.38
11.61
11.61
9.38
9.38
9.68
9.68
10.21
10.21
9.44
9.44
8.91
8.91
9.1
9.1
8.41
8.41
9.27
9.27
10.2
10.2
9.42
9.42
9.4
9.4
10.43
10.43
12.61
12.61
11.65
11.65
8.76
8.75
8.75
10.7
10.7
8.4
8.4
7.84
7.84
8.97
8.97
8.86
8.86
8.7
8.7
8.92
8.92
9.8
9.8
10.99
10.99
10.2
10.2
9.86
9.86
9.79
9.79
9.83
9.83
10.21
10.21
10.17
10.17
9.52
9.52
9.35
9.35
10.71
10.71
11.21
11.21
9.89
9.89
8.67
8.67
8.68
8.68
9.16
9.16
9.9
9.9
10.64
10.64
9.7
9.7
9.17
9.17
9.41
9.41
9.86
9.86
9.98
9.98
9.6
9.6
9.6
9.6
9.66
9.66
9.31
9.31
10.36
10.36
11.06
11.06
9.87
9.87
9.12
9.12
8.76
8.76
9.6
9.6
10.21
10.21
10.34
10.34
11.24
11.24
11.74
11.74
13.04
13.04
9.95
9.95
8.19
8.19
9.61
9.61
10.42
10.42
9.02
9.02
9.82
9.82
9.43
9.43
9.06
9.06
9.33
9.33
9.11
9.11
9.22
9.22
10.05
10.05
9.91
9.91
9.64
9.64
9.5
9.5
9.86
9.86
9.9
9.9
9.75
9.75
9.67
9.67
9.85
9.85
10.06
10.06
9.37
9.37
9.44
9.44
9.6
9.6
9.13
9.13
9.45
9.45
10.17
10.17
10.16
10.16
10.33
10.33
9.92
9.92
9.29
9.29
9.21
9.21
8.89
8.89
8.99
8.99
9.55
9.55
9.82
9.82
10.22
10.22
10.5
10.5
9.91
9.91
9.63
9.63
9.54
9.54
9.07
9.07
9.49
9.49
9.66
9.66
9.45
9.45
10.26
10.26
10.18
10.18
9.22
9.22
9.24
9.24
8.85
8.85
8.85
9.5
9.5
9.83
9.83
10.33
10.33
10.37
10.37
10.17
10.17
10.18
10.18
9.22
9.72
9.72
9.72
10.64
10.64
11.01
11.01
10.28
10.28
9.4
9.4
9.82
9.82
9.61
9.61
9.35
9.35
8.87
8.87
8.41
8.41
9.07
9.07
9.67
9.67
9.16
9.16
8.94
8.94
9.37
9.37
9.56
9.56
10.5
10.5
10.02
10.02
9.76
9.76
10.12
10.12
11.25
11.25
11.05
11.05
10.13
10.13
10.07
10.07
11.26
11.26
12.23
12.23
9.21
9.21
8.74
8.74
9.41
9.41
8.7
8.7
8.2
8.2
7.97
7.97
7.51
7.51
7.45
7.45
8.67
8.67
9.67
9.67
10.52
10.52
12.22
12.22
12.56
12.56
11.9
11.9
12.32
12.32
11.49
11.49
9.89
9.89
7.91
7.91
8.28
8.28
9.73
9.73
9.23
9.23
8.26
8.26
8.64
8.64
8.66
8.66
8.79
8.79
9.62
9.62
10.75
10.75
10.94
10.94
10.51
10.51
10.15
10.15
10.65
10.65
11.55
11.55
10.56
10.56
9.81
9.81
9.47
9.47
8.03
8.03
7.1
7.1
7.44
7.44
7.86
7.86
8.22
8.22
9.6
9.6
11.03
11.03
12.03
12.03
12.25
12.25
11.01
11.01
11.91
11.91
12.02
12.02
10.04
10.04
9.91
9.91
8.28
8.28
7.08
7.08
8.34
8.34
9.5
9.5
9.47
9.47
8.53
8.53
8.52
8.52
9.15
9.15
10.56
10.56
11.01
11.01
10.38
10.38
12.78
12.78
12.74
12.74
12.74
9.49
9.49
9.64
9.64
8.91
8.91
7.24
7.24
7.38
7.38
8.06
8.06
8.24
8.24
8.59
8.59
10.07
10.07
11.01
11.01
10.98
10.98
10.93
10.93
13.29
13.29
13.57
13.57
9.46
9.46
7.37
7.37
7.71
7.71
9.64
9.64
10.42
10.42
9.77
9.77
8.55
8.55
8.04
8.04
9.01
9.01
9.83
9.83
9.32
9.32
9.96
9.96
10.95
10.95
10.79
10.79
12.68
12.68
12.45
12.45
8.5
8.5
7.31
7.31
8.44
8.44
9.03
9.03
9.21
9.21
9.4
9.4
8.67
8.67
8.56
8.56
9.67
9.67
10.39
10.39
10.51
10.51
11.14
11.14
10.32
10.32
9.52
9.52
11.43
11.43
11.5
11.5
9.9
9.9
8.22
8.22
8.31
8.31
10.55
10.55
11.08
11.08
9.15
9.15
9.07
9.07
9.8
9.8
9.24
9.24
9.17
9.17
10.0
10.0
11.74
11.74
13.36
13.36
13.18
13.18
12.54
12.54
13.43
13.43
12.42
12.42
10.47
10.47
7.74
7.74
5.82
5.82
6.09
6.09
6.58
6.58
7.55
7.55
8.36
8.36
8.64
8.64
8.22
8.22
8.18
8.18
8.1
8.1
7.68
7.68
7.79
7.79
7.65
7.65
6.81
6.81
6.81
6.81
7.73
7.73
9.26
9.26
11.49
11.49
11.9
11.9
12.17
12.17
12.45
12.45
12.7
12.7
12.02
12.02
11.76
11.76
12.9
12.9
11.84
11.84
9.78
9.78
10.63
10.63
10.63
10.18
10.18
10.28
10.28
9.75
9.75
10.39
10.39
11.19
11.19
10.5
10.5
8.46
8.46
6.43
6.43
7.45
7.45
9.49
9.49
11.41
11.41
10.54
10.54
9.07
9.07
11.79
11.79
9.66
9.66
6.27
6.27
9.39
9.39
9.57
9.57
9.18
9.18
11.84
11.84
11.65
11.65
9.27
9.27
7.23
7.23
9.17
9.17
10.96
10.96
9.39
9.39
10.06
10.06
10.46
10.46
10.17
10.17
8.74
8.74
8.78
8.78
9.8
9.8
10.48
10.48
9.57
9.57
10.23
10.23
10.14
10.14
10.45
10.45
9.56
9.56
8.75
8.75
10.86
10.86
9.96
9.96
9.29
9.29
10.14
10.14
8.9
8.9
8.7
8.7
9.32
9.32
7.82
7.82
9.64
9.64
10.22
10.22
8.07
8.07
8.18
8.18
9.22
9.22
9.93
9.93
8.84
8.84
9.14
9.14
10.53
10.53
11.2
11.2
11.39
11.39
11.04
11.04
11.44
11.44
10.53
10.53
9.57
9.57
9.37
9.37
9.67
9.67
11.36
11.36
12.78
12.78
10.73
10.73
8.51
8.51
10.44
10.44
10.33
10.33
9.45
9.45
10.22
10.22
9.96
9.96
9.16
9.16
9.77
9.77
10.24
10.24
9.49
9.49
9.01
9.01
9.64
9.64
9.35
9.35
9.11
9.11
8.64
8.64
9.49
9.49
12.7
12.7
10.77
10.77
9.26
9.26
8.11
8.11
9.23
9.23
11.26
9.76
9.69
9.69
9.67
9.67
10.43
11.56
11.56
11.15
11.15
9.24
9.24
10.74
10.74
10.43
10.43
9.41
9.01
9.01
9.14
9.14
9.09
9.09
8.43
8.43
9.97
9.97
7.59
7.59
6.95
6.95
7.71
7.71
9.57
9.57
9.8
9.8
9.78
9.78
10.32
10.32
11.89
11.89
11.28
11.28
11.03
11.03
9.22
9.22
10.04
10.04
10.93
10.93
9.91
9.91
9.15
9.15
9.66
9.66
12.43
12.43
8.34
8.34
6.16
6.16
13.17
13.17
10.69
10.69
7.76
7.76
12.19
12.19
12.74
12.74
10.19
10.19
7.01
7.01
7.8
7.8
9.33
9.33
9.35
9.35
9.43
9.43
10.04
10.04
9.31
9.31
9.04
9.04
10.59
10.59
10.08
10.08
9.38
9.38
14.37
14.37
9.55
9.55
8.39
8.39
9.76
9.76
9.94
9.94
8.2
8.2
7.43
7.43
8.2
8.2
8.26
8.26
9.42
9.42
11.56
11.56
12.86
12.86
10.66
10.66
10.66
10.66
16.18
16.18
13.64
13.64
7.77
7.77
6.99
6.99
9.88
9.88
6.73
6.73
7.4
7.4
8.11
8.11
9.13
9.13
10.48
10.48
12.58
12.58
10.25
10.25
13.29
13.29
13.02
13.02
8.51
8.51
8.86
8.86
8.91
8.91
7.11
7.11
7.74
7.74
7.8
7.8
7.8
8.92
8.92
9.5
9.5
10.64
10.64
10.18
10.18
10.03
10.03
13.11
13.11
10.35
10.35
7.17
7.17
9.61
9.61
8.11
8.11
6.23
6.23
9.12
9.12
9.06
9.06
10.44
10.44
11.41
11.41
11.67
11.67
10.37
10.37
8.92
8.92
14.21
14.21
10.35
10.35
8.71
8.71
10.99
10.99
7.62
7.62
6.02
6.02
9.18
9.18
8.55
8.55
10.27
10.27
9.61
9.61
9.82
9.82
12.97
12.97
9.66
9.66
9.89
9.89
12.74
12.74
8.42
8.42
9.07
9.07
11.96
11.96
6.48
6.48
7.57
7.57
9.77
9.77
9.45
9.45
12.63
12.63
10.48
10.48
11.53
11.53
9.86
9.86
9.54
9.54
15.04
15.04
8.42
8.42
8.73
8.73
10.93
10.93
9.64
9.64
10.35
10.35
10.74
10.74
9.3
9.3
8.71
8.71
8.42
8.42
8.24
8.24
11.14
11.14
12.02
12.02
7.62
7.62
11.84
11.84
11.2
11.2
6.37
6.37
9.97
9.97
11.39
11.39
10.19
10.19
8.86
8.86
8.47
8.47
8.81
8.81
7.96
7.96
9.97
9.97
8.83
8.83
10.99
10.99
9.63
9.63
10.26
10.26
10.56
10.56
10.8
10.8
10.45
10.45
9.46
9.46
9.63
9.63
9.13
9.13
8.01
8.01
9.62
9.62
10.11
10.11
8.87
8.87
9.07
9.07
11.34
11.34
11.4
11.4
12.68
12.68
11.11
11.11
10.04
10.04
9.79
10.14
10.14
9.53
9.53
8.86
8.86
9.93
9.93
9.95
9.95
9.53
9.53
9.64
9.64
10.14
10.14
10.76
10.76
10.59
10.59
9.3
9.3
8.9
8.9
9.03
9.03
9.47
9.47
10.0
10.0
9.62
9.62
9.94
9.94
9.68
9.68
9.82
9.82
9.89
9.89
9.88
9.88
10.47
10.47
10.17
10.17
9.88
9.88
9.67
9.67
9.5
9.5
9.41
9.41
9.17
9.17
10.95
10.95
12.79
12.79
10.34
10.34
10.19
10.19
9.79
9.79
10.11
10.11
9.73
9.73
9.85
9.85
10.16
10.16
10.25
10.25
10.73
10.73
10.76
10.76
9.55
9.55
9.18
9.18
8.93
8.93
9.43
9.43
12.65
12.65
14.92
14.92
13.08
13.08
9.93
9.93
9.85
9.85
11.81
11.81
13.37
13.37
11.67
11.67
7.8
7.8
6.7
6.7
7.06
7.06
6.71
6.71
7.37
7.37
14.6
14.6
12.16
12.16
13.32
13.32
13.71
9.53
9.58
9.58
9.29
9.29
9.31
9.31
9.39
9.39
9.53
9.53
9.65
9.65
11.26
11.26
11.87
11.87
12.88
12.88
12.51
12.51
14.27
14.27
14.3
14.3
12.47
12.47
12.2
12.2
12.28
12.28
9.77
9.77
6.78
6.78
5.09
5.09
4.79
4.79
4.79
4.79
9.93
9.93
19.74
19.74
13.95
13.95
12.53
12.53
12.01
12.01
10.54
10.54
8.73
8.73
9.68
9.68
10.56
10.56
10.56
10.36
10.36
8.55
8.55
8.38
8.38
9.09
9.09
8.89
8.89
10.54
10.54
11.16
11.16
12.35
12.35
13.69
13.69
15.76
15.76
14.64
14.64
12.18
12.18
11.41
11.41
12.1
12.1
11.01
11.01
7.02
7.02
5.85
5.85
5.1
5.1
4.93
4.93
8.51
8.51
20.75
20.75
15.59
15.59
15.01
15.01
13.16
13.16
8.41
8.41
9.94
9.94
10.82
10.82
10.81
10.81
9.06
9.06
7.88
7.88
8.64
8.64
9.58
9.58
9.67
9.67
8.82
8.82
11.15
11.15
13.34
13.34
15.65
15.65
15.31
15.31
12.58
12.58
11.85
11.85
14.13
14.13
11.65
11.65
6.87
6.87
4.9
4.9
4.56
4.56
6.11
6.11
7.11
7.11
10.11
10.11
17.69
17.69
14.54
14.54
13.25
13.25
14.46
14.46
12.78
12.78
11.05
11.05
11.63
11.63
10.44
10.44
10.37
10.37
9.99
9.99
10.35
10.35
11.89
11.89
10.89
10.89
8.87
8.87
8.02
8.02
8.94
8.94
12.19
12.19
15.88
15.88
15.72
15.36
15.36
13.65
13.65
12.4
12.4
10.69
10.69
10.92
10.92
9.23
9.23
7.62
7.62
5.69
5.69
2.99
2.99
3.53
3.53
5.75
5.75
7.29
7.29
9.43
9.43
11.9
11.9
15.81
15.81
11.5
11.5
9.84
9.84
9.89
9.89
11.32
11.32
11.38
11.38
10.8
10.8
10.68
10.68
9.64
9.64
7.95
7.95
7.43
7.43
8.58
8.58
9.56
9.56
9.81
10.17
10.17
10.87
10.87
13.67
13.67
15.86
15.86
16.86
16.86
13.91
13.91
15.64
15.64
13.79
13.79
12.09
12.09
8.85
8.85
7.3
7.3
5.89
5.89
5.38
5.38
3.7
3.7
4.27
4.27
6.12
6.12
7.42
7.42
12.05
12.05
13.23
13.23
16.39
16.39
10.66
10.66
8.11
8.11
8.95
8.95
12.19
12.19
13.1
13.1
12.83
12.83
10.13
10.13
7.07
7.07
6.03
6.03
7.0
7.0
7.73
7.73
9.14
9.14
8.94
8.94
11.97
11.97
16.08
16.08
18.93
18.93
16.71
16.71
13.86
13.86
12.28
12.28
12.72
12.72
13.6
13.6
10.65
10.65
8.45
8.45
6.55
6.55
2.74
2.74
1.36
1.36
2.57
2.57
7.65
7.65
7.88
7.88
13.5
13.5
19.78
19.78
13.88
13.88
9.68
9.68
8.22
8.22
8.58
8.58
11.16
11.16
13.31
13.31
14.51
14.51
10.74
10.74
7.71
7.71
4.64
4.64
6.57
6.57
8.57
8.57
9.78
9.78
11.93
11.93
13.53
13.53
15.19
15.19
16.61
16.61
14.59
14.59
12.68
12.68
12.75
12.75
11.59
11.59
10.31
10.31
9.88
9.88
7.6
7.6
4.17
4.17
3.7
3.7
5.26
5.26
6.94
6.94
10.22
10.22
16.07
16.07
16.26
16.26
11.17
11.17
11.9
11.9
11.31
11.31
10.57
10.57
11.07
11.07
9.4
9.4
11.69
11.69
11.7
11.7
11.97
11.97
10.44
10.44
9.31
9.31
13.33
13.33
13.26
11.86
11.86
8.35
8.35
9.25
9.25
8.21
8.21
8.42
8.42
8.76
8.76
9.85
9.85
9.71
9.71
9.38
9.38
9.94
9.94
11.12
11.12
12.14
12.14
11.47
11.47
10.61
10.61
10.47
10.47
9.5
9.5
7.26
7.26
10.02
10.02
10.14
10.14
9.39
9.39
10.03
10.03
9.52
9.52
7.69
7.69
8.54
8.54
11.17
11.17
9.16
9.16
9.97
9.97
9.39
9.39
11.74
11.74
11.69
11.69
12.92
12.92
9.12
9.12
7.55
7.55
6.47
6.47
6.18
6.18
7.39
7.39
9.94
9.94
13.04
13.04
11.24
11.24
10.1
10.1
8.31
8.31
10.33
10.33
10.68
10.68
8.92
8.92
7.89
7.89
9.8
9.8
13.71
13.71
13.14
13.14
10.85
10.85
11.07
11.07
9.81
9.81
9.53
9.53
10.43
10.43
10.51
10.51
8.5
8.5
9.75
9.75
8.99
8.99
7.38
7.38
9.95
9.95
9.22
9.22
10.96
10.96
10.79
10.79
8.3
8.3
12.07
12.07
12.11
12.11
11.33
11.33
10.35
10.35
8.95
8.95
9.28
9.28
9.42
9.42
8.67
8.67
6.64
6.64
6.28
6.28
8.89
8.89
8.79
8.79
9.78
9.78
13.34
13.34
16.12
16.12
15.73
15.73
13.53
13.53
9.31
9.31
7.5
7.5
5.75
5.75
2.61
2.61
5.89
5.89
8.27
8.27
6.84
6.84
8.79
8.79
11.43
11.43
13.6
13.6
16.48
16.48
18.5
18.5
12.24
12.24
9.81
10.9
10.9
10.9
9.38
9.38
10.86
10.86
8.97
8.97
5.64
5.64
2.13
2.13
4.98
4.98
10.92
10.92
24.36
24.36
16.42
16.42
13.91
13.91
9.27
9.27
6.27
6.27
4.88
4.88
3.31
3.31
5.4
5.4
8.33
8.33
9.67
9.67
11.18
11.18
13.85
13.85
21.06
21.06
13.85
13.85
13.66
13.66
12.15
12.15
10.1
10.1
8.92
8.92
7.94
7.94
5.49
5.49
5.62
5.62
7.56
7.56
7.98
7.98
12.32
12.32
16.71
16.71
15.09
15.09
10.42
10.42
11.98
11.98
11.46
11.46
8.48
8.48
5.11
5.11
3.68
3.68
4.69
9.32
9.32
9.32
9.32
10.51
10.51
9.87
9.87
15.23
15.23
13.96
13.96
19.63
19.63
10.59
10.59
11.22
11.22
10.18
10.18
9.26
9.26
9.47
9.47
6.82
6.82
4.57
4.57
5.84
5.84
7.39
7.39
11.48
11.48
15.76
15.76
15.87
15.87
12.17
14.15
14.15
16.53
16.53
13.59
13.59
8.43
8.43
5.12
5.12
3.23
3.23
4.55
4.55
11.68
11.68
15.47
15.96
15.96
9.18
9.18
11.18
11.18
11.3
11.3
10.22
10.22
10.08
10.08
8.48
8.48
8.14
8.14
8.6
8.6
8.71
8.71
10.26
10.26
11.18
11.18
12.22
12.22
13.54
13.54
16.63
16.63
12.21
12.21
10.34
10.34
12.31
12.31
13.24
13.24
10.53
10.53
9.62
9.62
6.32
6.32
5.03
5.03
4.95
4.95
5.41
5.41
5.41
11.81
11.81
20.9
20.9
13.66
13.66
17.23
17.23
8.31
8.31
8.58
8.58
10.17
10.17
10.61
10.61
9.76
9.76
10.9
10.9
8.88
8.88
8.65
8.65
9.11
9.11
9.54
9.54
8.87
8.87
9.39
9.39
11.31
11.31
14.26
14.26
15.97
15.97
12.12
12.12
10.94
10.94
12.66
12.66
11.72
11.72
9.04
9.04
6.87
6.87
6.25
6.25
6.05
6.05
6.1
6.1
7.86
7.86
15.66
15.66
13.81
13.81
15.4
15.4
10.99
10.99
8.26
8.26
9.34
9.34
10.25
10.25
9.76
9.76
10.52
10.52
9.92
9.92
9.82
9.82
9.66
9.66
8.91
8.91
8.59
8.59
8.99
8.99
9.89
9.89
11.54
11.54
13.52
13.52
14.8
14.8
13.83
13.83
12.02
12.02
11.46
11.46
9.92
9.92
7.09
7.09
6.14
6.14
6.89
6.89
7.11
7.11
6.92
6.92
6.38
6.38
9.11
9.11
15.33
15.33
16.15
16.15
11.71
11.71
7.43
7.43
18.79
18.79
11.11
11.11
9.21
9.21
11.28
11.28
10.08
10.08
11.74
11.74
10.27
10.27
10.09
10.09
9.37
9.37
9.38
9.38
10.03
10.03
10.83
10.83
10.36
9.78
9.78
10.28
10.28
10.95
10.95
12.1
12.1
11.16
11.16
9.31
9.31
9.3
9.3
9.82
9.82
10.79
10.79
10.2
10.2
8.04
8.04
7.67
7.67
8.68
8.68
11.58
11.58
11.58
12.26
12.26
11.21
11.21
10.53
10.53
9.8
9.8
10.51
10.51
10.1
10.1
9.71
9.71
9.0
9.0
9.09
9.09
10.54
10.54
12.12
12.12
10.82
10.82
8.97
8.97
9.21
9.21
10.42
10.42
10.17
10.17
9.95
9.95
9.76
9.76
9.83
9.83
10.08
10.08
9.95
9.95
9.89
9.89
9.79
9.79
10.02
10.02
9.91
9.91
9.75
9.75
9.96
9.96
9.92
9.92
10.0
10.0
10.08
10.08
10.15
10.15
10.28
10.28
9.66
9.66
9.75
9.75
10.32
10.32
10.38
10.38
9.82
9.82
9.34
9.34
9.56
9.56
10.1
10.1
9.92
9.92
9.72
9.72
9.59
9.59
9.56
9.56
9.83
9.83
9.96
9.96
9.94
9.94
9.79
9.79
9.81
9.81
9.89
9.89
9.87
9.87
9.96
9.96
9.86
9.86
9.63
9.63
9.88
9.88
10.08
10.08
9.91
9.91
9.99
9.99
10.35
10.35
10.37
10.37
9.89
9.89
9.4
9.4
9.34
9.34
9.17
9.17
9.43
9.43
9.8
9.8
9.83
9.83
10.76
10.76
11.26
11.26
11.53
11.53
10.63
10.63
9.53
9.53
10.38
10.38
11.26
11.26
11.77
11.77
10.18
10.18
10.56
10.56
8.73
8.73
8.89
8.89
8.64
8.64
9.32
9.32
12.17
12.17
10.11
10.11
11.06
11.06
10.53
10.53
13.64
13.64
10.17
10.17
10.03
10.03
10.74
10.74
10.71
10.71
9.02
8.58
8.58
6.98
6.98
15.22
15.22
6.31
6.31
6.23
6.23
11.82
11.82
9.18
9.18
11.09
11.09
10.4
10.4
9.39
9.39
9.86
9.86
11.56
11.56
8.8
8.8
8.33
8.33
8.84
8.84
10.02
10.02
8.21
8.21
6.04
6.04
6.19
6.19
7.26
7.26
9.25
9.25
8.86
8.86
16.16
16.16
12.68
12.68
11.17
11.17
12.68
12.68
11.45
11.45
12.67
12.67
9.62
9.62
5.54
5.54
6.34
6.34
7.5
7.5
9.07
9.07
11.46
11.46
12.63
12.63
9.1
9.1
10.77
10.77
13.82
13.82
14.04
14.04
14.39
14.39
13.49
13.49
11.87
11.87
13.21
13.21
11.92
11.92
9.4
9.4
9.87
9.87
6.75
6.75
7.89
7.89
8.03
8.03
8.87
8.87
7.98
7.98
7.33
7.33
8.34
8.34
8.4
8.4
9.63
9.63
12.65
12.65
12.59
12.59
11.58
11.58
13.16
13.16
11.54
11.54
7.79
7.79
8.08
8.08
10.65
10.65
8.53
8.53
9.93
9.93
9.45
9.45
9.33
9.33
8.73
8.73
9.19
9.19
11.23
11.23
9.77
9.77
9.97
9.97
10.51
10.51
10.71
10.71
9.76
9.76
8.05
8.05
12.18
12.18
10.04
10.04
9.21
9.21
9.54
9.54
11.44
11.44
11.96
11.96
10.33
10.33
11.19
11.19
7.45
7.45
6.96
6.96
10.32
10.32
12.43
12.43
10.13
10.13
11.09
11.09
13.06
13.06
13.06
10.78
10.78
9.12
9.12
9.45
9.45
9.61
9.61
9.53
9.53
9.54
9.54
9.31
9.31
9.19
9.19
9.45
9.45
9.25
9.25
9.38
9.38
10.42
10.42
10.31
10.31
11.11
11.11
10.96
10.96
12.47
12.47
13.38
13.38
10.52
10.52
12.26
12.26
12.52
12.52
10.67
10.67
7.81
7.81
7.78
7.78
7.66
7.66
7.26
7.26
7.63
7.63
9.77
9.77
11.76
11.76
9.93
9.93
9.42
9.42
10.35
10.35
16.87
16.87
10.34
10.34
10.5
10.5
9.93
9.93
10.58
10.58
9.5
9.5
9.82
9.82
9.66
9.66
10.48
10.48
10.52
10.52
10.21
10.21
10.32
10.32
9.95
9.95
9.43
9.43
9.56
9.56
8.83
8.83
9.07
9.07
10.41
10.41
10.42
10.42
11.86
11.86
13.08
13.08
12.67
12.67
12.14
12.14
12.81
12.81
12.02
12.02
9.84
9.84
7.54
7.54
7.14
7.14
6.92
6.92
6.42
6.42
6.6
6.6
8.48
8.48
15.74
15.74
13.65
13.65
15.57
15.57
8.93
8.93
8.12
8.12
10.22
10.22
11.61
11.61
9.44
9.44
9.22
9.22
9.9
9.9
9.22
9.22
9.13
9.13
9.13
9.13
9.31
9.31
10.02
10.02
9.75
9.75
11.05
11.05
12.56
12.56
16.05
16.05
14.57
14.57
12.26
12.26
10.9
10.9
10.09
10.09
8.93
8.93
7.2
7.2
7.0
7.0
7.0
7.29
7.29
6.91
6.91
6.12
6.12
6.19
6.19
12.29
12.29
20.66
20.66
14.16
14.16
17.09
17.09
8.05
8.05
8.91
8.91
9.69
9.69
11.51
11.51
10.66
10.66
9.62
9.62
8.44
8.44
9.31
9.31
9.66
9.66
8.96
8.96
9.16
9.16
9.71
9.71
10.74
10.74
10.94
10.94
11.31
11.31
13.78
13.78
13.32
13.32
11.22
11.22
11.45
11.45
11.79
11.79
11.16
11.16
8.49
8.49
7.03
7.03
7.29
7.29
7.41
7.41
7.16
7.16
6.99
6.99
9.62
9.62
16.05
16.05
13.05
13.05
12.08
12.08
15.35
15.35
8.53
8.53
8.46
8.46
9.76
9.76
10.67
10.67
9.63
9.63
9.87
9.87
9.43
9.43
9.19
9.19
9.57
9.57
9.27
9.27
9.37
9.37
9.65
9.65
9.53
9.53
11.32
11.32
11.29
11.29
13.41
13.41
14.97
14.97
12.83
12.83
12.18
12.18
10.86
10.86
9.93
9.93
7.26
7.26
7.08
7.08
7.56
7.56
7.61
7.61
7.61
7.61
7.37
7.37
9.32
9.32
15.4
15.4
13.69
13.69
11.06
11.06
14.17
14.17
9.98
9.98
8.5
8.5
9.8
9.8
10.05
10.05
10.37
10.37
10.32
10.32
9.94
9.94
9.51
9.51
9.98
9.98
9.9
9.9
9.72
9.72
10.27
10.27
9.89
9.89
9.91
9.91
9.67
9.67
9.73
9.73
11.55
11.55
11.21
11.21
9.54
9.54
9.54
9.02
9.02
9.04
9.04
10.29
10.29
10.94
10.94
10.46
10.46
10.07
10.07
10.1
10.1
10.3
10.3
10.63
10.63
10.54
10.09
10.09
10.09
9.83
9.83
9.73
9.73
9.48
9.48
9.44
9.44
9.2
9.2
9.27
9.27
9.42
9.42
10.46
10.46
11.52
11.52
9.43
9.43
8.89
8.89
9.72
9.72
11.05
11.05
10.61
10.61
9.97
9.97
9.53
9.53
9.76
9.76
10.28
10.28
9.99
9.99
9.42
9.42
9.19
9.19
9.75
9.75
10.38
10.38
10.75
10.75
11.5
11.5
12.34
12.34
12.97
12.97
11.4
11.4
10.45
10.45
11.05
11.05
11.48
11.48
11.16
11.16
8.51
8.51
7.47
7.47
7.61
7.61
7.26
7.26
7.09
7.09
7.4
7.4
11.37
11.37
15.08
15.08
12.53
12.53
13.89
13.89
11.41
11.41
8.72
8.72
10.45
10.45
9.57
9.57
10.65
10.65
9.83
9.83
9.87
9.87
9.14
9.14
9.17
9.17
9.33
9.33
9.14
9.14
9.58
9.58
9.81
9.81
10.51
10.51
11.08
11.08
11.33
11.33
14.02
14.02
13.68
13.68
11.28
11.28
10.97
10.97
11.87
11.87
10.95
10.95
8.88
8.88
7.22
7.22
6.79
6.79
6.68
6.68
6.53
6.53
6.87
6.87
12.76
12.76
17.03
17.03
11.47
11.47
12.9
12.9
11.83
11.83
8.74
8.74
9.18
9.18
9.18
9.12
9.12
10.96
10.96
9.8
9.8
9.89
9.89
9.08
9.08
9.37
9.37
9.71
9.71
9.12
9.12
9.77
9.77
10.08
10.08
10.33
10.33
11.45
11.45
12.11
12.11
14.61
14.61
12.88
12.88
11.4
11.4
11.57
11.57
11.32
11.32
9.67
9.67
8.1
8.1
8.16
8.16
8.55
8.55
7.74
7.74
7.18
7.18
7.04
7.04
12.06
12.06
15.98
15.98
11.18
11.18
14.6
14.6
10.39
10.39
7.82
7.82
8.36
8.36
9.78
9.78
10.96
10.96
9.97
9.97
9.5
9.5
8.7
8.7
9.14
9.14
9.82
9.82
9.53
9.53
9.7
9.7
9.86
9.86
10.48
10.48
10.94
10.94
11.12
11.12
13.5
13.5
13.85
13.85
12.15
12.15
11.46
11.46
11.27
11.27
9.89
9.89
7.2
7.2
6.6
6.6
6.71
6.71
7.14
7.14
6.95
6.95
7.66
7.66
15.46
15.46
16.06
16.06
10.36
10.36
12.32
12.32
11.16
11.16
9.3
9.3
10.09
10.09
9.95
9.95
9.45
9.45
10.19
10.19
9.71
9.71
9.15
9.15
9.5
9.5
9.48
9.48
9.25
9.25
9.42
9.42
10.13
10.13
10.45
10.45
10.86
10.86
12.04
12.04
14.27
14.27
13.37
13.37
10.85
10.85
11.04
11.04
11.83
11.83
9.62
9.62
6.74
6.74
6.93
6.93
7.44
7.44
7.76
7.76
7.87
7.87
7.87
7.77
7.77
11.12
11.12
15.29
15.29
12.38
12.38
10.52
10.52
13.36
13.36
10.73
10.73
9.18
9.18
9.52
9.52
9.76
9.76
9.38
9.38
10.09
10.09
10.94
10.94
9.91
9.91
9.4
9.4
9.41
9.41
9.99
9.99
10.33
10.33
9.99
9.99
9.87
9.87
10.11
10.11
10.3
10.3
10.47
10.47
11.35
11.35
12.18
12.18
13.2
13.2
12.56
12.56
11.26
11.26
10.09
10.09
9.62
9.62
8.73
8.73
8.4
8.4
7.74
7.74
8.5
8.5
8.88
8.88
11.83
11.83
10.63
10.63
9.52
9.52
9.77
9.77
9.08
9.08
8.71
8.71
7.88
7.88
8.94
8.94
9.7
9.7
8.62
8.62
6.76
6.76
6.3
6.3
8.49
8.49
9.56
9.56
10.2
10.2
10.15
10.15
12.54
12.54
12.32
12.32
11.21
11.21
10.59
10.59
10.65
10.65
10.67
10.67
10.69
10.69
10.39
10.39
10.46
10.46
10.05
10.05
10.26
10.26
10.91
10.91
10.88
10.88
10.53
10.53
10.61
10.61
10.83
10.83
10.52
10.52
10.24
10.24
9.63
9.63
10.47
10.47
10.09
10.09
10.16
10.16
10.24
10.24
9.06
9.06
8.48
8.48
8.54
8.54
8.55
8.55
9.31
9.31
8.93
8.93
8.26
8.26
12.11
12.11
11.56
11.56
10.79
10.79
10.96
10.96
10.54
10.54
9.73
9.73
8.3
8.3
8.84
8.84
8.58
8.58
8.58
9.49
9.49
11.59
11.59
11.31
11.31
11.81
11.81
10.42
10.42
8.48
8.48
9.24
9.24
8.39
8.39
8.71
8.71
9.35
9.35
11.52
11.52
9.74
9.74
9.46
9.46
10.1
10.1
9.74
9.74
10.42
10.42
9.47
9.47
9.83
9.83
10.17
10.17
10.16
10.16
10.23
10.23
10.34
10.34
9.56
9.56
9.21
9.21
9.49
9.49
9.45
9.45
10.03
10.03
9.99
9.99
12.34
12.34
9.19
9.19
10.2
10.2
11.9
11.9
12.36
12.36
10.92
10.92
11.46
11.46
11.92
11.92
11.73
11.73
11.27
11.27
11.48
11.48
11.59
11.59
10.49
10.49
9.12
9.12
9.49
9.49
9.01
9.01
8.03
8.03
7.43
7.43
7.63
7.63
10.57
10.57
11.37
11.37
7.21
7.21
8.44
8.44
10.44
10.44
8.79
8.79
11.29
11.29
15.93
15.93
8.23
8.23
7.7
7.7
9.17
9.17
9.84
9.84
9.18
9.18
9.22
9.22
8.02
8.02
11.02
11.02
10.24
10.24
9.13
9.13
9.41
9.41
8.96
8.96
10.52
10.52
12.34
12.34
11.0
11.0
12.45
12.45
9.56
9.56
12.28
12.28
11.62
11.62
9.63
9.63
7.45
7.45
6.65
6.65
7.59
7.59
10.36
10.36
10.75
10.75
11.21
11.21
9.7
9.7
9.72
9.72
10.3
10.3
10.03
10.03
10.28
10.28
10.13
10.13
9.44
9.44
9.33
9.33
9.11
9.11
8.54
8.54
10.04
10.13
10.13
11.04
11.04
10.6
10.6
11.72
11.72
10.6
10.6
11.01
11.01
11.49
11.49
11.72
11.72
10.26
10.26
8.66
8.66
8.93
8.93
10.37
10.37
10.04
10.04
7.34
7.34
11.1
11.1
10.61
10.61
10.13
10.13
10.33
10.33
10.16
10.16
10.69
10.69
11.72
11.72
12.92
12.92
10.89
10.89
11.96
11.96
9.19
9.19
9.75
9.75
6.86
6.86
6.83
6.83
5.04
5.04
4.9
4.9
5.54
5.54
4.64
4.64
5.08
5.08
10.47
10.47
15.33
15.33
13.71
13.71
6.44
6.44
8.73
8.73
9.25
9.25
11.46
11.46
14.67
14.67
14.99
14.99
13.31
13.31
11.08
11.08
10.04
10.04
8.8
8.8
9.82
9.82
13.68
13.68
9.51
9.51
11.38
11.38
10.3
10.3
11.02
11.02
9.26
9.26
7.22
7.22
8.23
8.23
8.89
8.89
8.04
8.04
9.98
9.98
10.0
10.0
10.49
10.49
9.51
9.51
9.72
9.72
9.53
9.53
12.29
12.29
12.31
12.31
8.6
8.6
8.48
8.48
8.39
8.39
9.08
9.08
11.04
11.04
7.95
7.95
10.19
10.19
10.75
10.75
9.64
9.64
13.35
13.35
13.1
13.1
11.75
11.75
12.97
12.97
13.47
13.47
13.29
13.29
12.08
12.08
11.32
11.32
9.97
9.97
9.82
9.82
9.95
9.95
7.4
7.4
8.22
8.22
7.52
7.54
7.54
6.57
6.57
7.7
7.7
6.09
6.09
6.74
6.74
7.74
7.74
9.17
9.17
9.93
9.93
11.09
11.09
9.6
9.6
9.08
9.08
9.0
9.0
9.71
9.71
11.23
11.23
9.29
9.29
8.76
8.76
8.41
8.41
8.96
8.96
11.72
11.72
10.27
10.27
11.89
11.89
9.64
9.64
9.8
9.8
8.13
8.13
8.43
8.43
8.25
8.25
8.83
8.83
10.08
10.08
8.69
8.69
9.54
9.54
7.98
7.98
9.68
9.68
8.0
8.0
5.39
5.39
4.86
4.86
4.43
4.43
14.53
14.53
13.11
13.11
7.51
7.51
11.91
11.91
11.38
11.38
13.92
13.92
12.16
12.16
12.91
12.91
14.4
14.4
11.52
11.52
11.25
11.25
9.6
9.6
8.71
8.71
8.12
8.12
10.6
10.6
8.76
8.76
8.48
8.48
9.38
9.38
10.93
10.93
9.15
9.15
9.05
9.05
9.67
9.67
9.58
9.58
9.67
9.67
9.09
9.09
9.27
9.27
9.59
9.59
9.21
9.21
11.61
11.61
11.18
11.18
9.85
9.85
8.51
8.51
10.44
10.44
12.33
12.33
12.92
12.92
15.99
15.99
13.48
13.48
8.77
8.77
9.77
9.77
11.91
11.91
12.25
12.25
11.17
11.17
9.99
9.99
7.52
7.52
6.23
6.23
9.34
9.34
9.91
9.91
9.61
9.61
5.85
5.85
5.18
5.18
9.04
9.04
8.65
8.65
9.86
9.86
9.86
10.87
10.87
9.81
9.81
8.2
8.2
9.15
9.15
4.85
4.85
4.12
4.12
9.7
9.7
14.04
14.04
12.03
12.03
10.71
10.71
13.16
13.16
13.75
13.75
11.07
11.07
11.62
11.62
11.68
11.68
9.56
9.56
9.37
9.37
9.87
9.87
9.49
9.49
11.3
11.3
9.6
9.6
11.33
11.33
15.98
15.98
12.89
12.89
11.37
11.37
7.65
7.65
6.98
6.98
5.14
5.14
7.01
7.01
13.66
13.66
15.52
15.52
6.19
6.19
7.2
7.2
9.76
9.76
10.96
10.96
11.89
11.89
11.63
11.63
11.02
11.02
10.56
10.56
10.64
10.64
13.53
13.53
13.81
13.81
10.1
10.1
9.45
9.45
9.73
9.73
9.88
9.88
9.28
9.28
9.63
9.63
9.1
9.1
8.58
8.58
8.54
8.54
8.8
8.8
8.99
8.99
9.44
9.44
9.98
9.98
9.58
9.58
8.88
8.88
9.19
9.19
14.22
14.22
12.61
12.61
12.79
12.79
10.93
10.93
11.38
11.38
10.69
10.69
10.55
10.55
10.1
10.1
10.51
10.51
10.6
10.6
9.75
9.75
9.33
9.33
10.1
10.1
10.61
10.61
9.09
9.09
7.18
7.18
6.14
6.14
6.0
6.0
8.44
8.44
9.62
9.62
11.16
11.16
15.1
15.1
9.7
9.7
9.69
9.69
12.9
12.9
9.04
9.04
9.46
9.46
9.84
9.84
10.44
10.44
9.81
9.81
9.81
10.29
10.29
9.93
9.93
10.69
10.69
10.19
10.19
9.65
9.65
10.99
10.99
11.3
11.3
10.14
10.14
10.96
10.96
10.07
10.07
8.86
8.86
8.94
8.94
7.89
7.89
7.8
7.8
8.98
8.98
9.64
9.64
8.35
8.35
8.58
8.58
10.19
10.19
13.21
13.21
7.07
7.07
10.22
10.22
9.61
9.61
8.46
8.46
7.63
7.63
9.84
9.84
10.75
10.75
11.7
11.7
11.3
11.3
10.55
10.55
11.12
11.12
11.16
11.16
12.52
12.52
12.68
12.68
10.06
10.06
9.71
9.71
9.9
9.9
9.5
9.5
10.84
10.84
9.97
9.97
9.65
9.65
9.21
9.21
9.23
9.23
8.37
8.37
7.81
7.81
8.56
8.56
9.32
9.32
9.53
9.53
9.67
9.67
9.59
9.59
9.77
9.77
9.34
9.34
8.15
8.15
9.6
9.6
15.55
15.55
12.96
12.96
10.73
10.73
11.64
11.64
10.3
10.3
11.47
11.47
10.83
10.83
10.56
10.56
10.4
10.4
11.51
11.51
11.38
11.38
12.01
12.01
12.37
12.37
12.3
12.3
9.55
9.55
7.04
7.04
7.0
7.0
6.38
6.38
6.98
6.98
7.24
7.24
8.33
8.33
8.87
8.87
9.51
9.51
10.07
10.07
10.23
10.23
9.14
9.14
8.42
8.42
10.8
10.8
10.92
10.92
9.5
9.5
9.73
9.73
11.8
11.8
12.53
12.53
8.83
8.83
8.81
8.81
9.92
9.92
9.22
9.4
9.4
8.8
8.8
9.31
9.31
9.37
9.37
8.39
8.39
8.77
8.77
8.82
8.82
9.71
9.71
10.65
10.65
8.19
8.19
7.31
7.31
7.6
7.6
12.46
12.46
15.14
15.14
13.75
13.75
13.27
13.27
9.02
9.02
7.56
7.56
9.01
9.01
9.78
9.78
8.38
8.38
8.61
8.61
9.85
9.85
8.03
8.03
7.79
7.79
12.16
12.16
14.07
14.07
10.88
10.88
8.82
8.82
8.67
8.67
9.26
9.26
9.6
9.6
12.23
12.23
12.02
12.02
10.66
10.66
10.5
10.5
10.23
10.23
8.78
8.78
7.6
7.6
8.59
8.59
8.62
8.62
8.23
8.23
8.6
8.6
8.58
8.58
9.76
9.76
10.4
10.4
10.36
10.36
10.05
10.05
9.24
9.24
9.03
9.03
8.8
8.8
8.44
8.44
10.59
10.59
9.63
9.63
10.68
10.68
11.28
11.28
10.66
10.66
10.12
10.12
10.25
10.25
9.26
9.26
10.6
10.6
10.35
10.35
8.02
8.02
7.79
7.79
8.63
8.63
9.2
9.2
9.68
9.68
9.78
9.78
10.53
10.53
10.72
10.72
10.43
10.43
10.75
10.75
10.15
10.15
9.92
9.92
11.75
11.75
11.5
11.5
10.15
10.15
8.99
8.99
9.11
9.11
8.77
8.77
8.63
8.63
8.7
8.7
8.74
8.74
9.08
9.08
9.18
9.18
8.89
8.89
9.16
9.16
9.16
10.29
10.29
10.31
10.31
10.06
10.06
9.07
9.07
8.22
8.22
7.36
7.36
9.05
9.05
9.03
9.03
9.79
9.79
12.14
12.14
12.11
12.11
12.11
12.11
11.97
11.97
10.48
10.48
11.63
11.63
11.32
11.32
9.59
9.59
10.23
10.23
8.94
8.94
8.93
8.93
9.76
9.76
10.78
10.78
11.68
11.68
8.62
8.62
9.32
9.32
10.19
10.19
9.91
9.91
8.27
8.27
10.18
10.18
9.7
9.7
9.69
9.69
8.32
8.32
9.1
9.1
10.75
10.75
10.66
10.66
11.89
11.89
11.43
11.43
11.12
11.12
8.4
8.4
9.86
9.86
8.08
8.08
9.26
9.26
8.26
8.26
7.17
7.17
8.88
8.88
10.51
10.51
12.31
12.31
10.18
10.18
9.75
9.75
10.86
10.86
7.7
7.7
10.41
10.41
12.31
12.31
10.22
10.22
9.53
9.53
8.52
8.52
8.42
8.42
9.81
9.81
8.75
8.75
9.98
9.98
8.55
8.55
9.58
9.58
9.78
9.78
9.47
9.47
10.89
10.89
10.72
10.72
13.56
13.56
11.49
11.49
7.99
7.99
9.35
9.35
10.02
10.02
10.0
10.0
10.66
10.66
9.14
9.14
8.49
8.49
9.21
9.21
9.7
9.7
10.99
10.99
11.74
11.74
12.57
12.57
11.36
11.36
11.46
11.46
10.25
10.25
10.14
10.14
11.4
11.4
9.34
9.34
9.1
9.1
8.95
8.95
8.51
8.51
7.58
7.58
7.58
6.93
6.93
9.14
9.14
11.4
11.4
7.78
7.78
7.43
7.43
9.12
9.12
11.07
11.07
11.63
11.63
9.8
9.8
9.67
9.67
10.19
10.19
11.65
11.65
8.62
8.62
8.34
8.34
9.62
9.62
11.57
11.57
11.02
11.02
8.89
8.89
9.19
9.19
9.88
9.88
10.11
10.11
10.42
10.42
10.61
10.61
10.32
10.32
9.62
9.62
10.37
10.37
11.93
11.93
9.52
9.52
7.44
7.44
7.57
7.57
10.79
10.79
10.11
10.11
10.04
10.04
10.73
10.73
9.33
9.33
8.87
8.87
8.81
8.81
9.26
9.26
9.9
9.9
10.75
10.75
10.66
10.66
9.87
9.87
10.04
10.04
10.01
10.01
9.57
9.57
9.78
9.78
9.38
9.38
8.69
8.69
9.2
9.2
9.56
9.56
10.14
10.14
10.26
10.26
9.55
9.55
9.6
9.6
9.9
9.9
9.95
9.95
9.69
9.69
9.83
9.83
9.96
9.96
10.05
10.05
9.84
9.84
9.72
9.72
9.41
9.41
9.53
9.53
9.55
9.55
9.7
9.7
9.56
9.56
9.43
9.43
9.76
9.76
10.32
10.32
10.22
10.22
9.61
9.61
9.55
9.55
9.9
9.9
9.51
9.51
9.3
9.3
9.58
9.58
9.9
9.9
9.82
9.82
9.95
9.95
9.89
9.89
9.72
9.72
9.3
9.3
9.53
9.53
9.74
9.74
9.88
9.88
10.13
10.13
10.1
10.1
9.59
9.59
9.37
9.37
9.67
9.67
9.85
9.79
9.79
9.62
9.62
9.62
9.62
9.92
9.92
9.83
9.83
9.55
9.55
9.45
9.45
9.68
9.68
10.04
10.04
10.26
10.26
10.04
10.04
9.34
9.34
9.53
9.53
9.6
9.6
9.74
9.74
10.0
10.0
9.25
9.25
8.96
8.96
9.35
9.35
9.89
9.89
10.47
10.47
10.1
10.1
9.92
9.92
9.85
9.85
9.38
9.38
9.32
9.32
9.5
9.5
9.73
9.73
9.78
9.78
10.03
10.03
9.84
9.84
9.67
9.67
9.63
9.63
9.71
9.71
10.11
10.11
10.59
10.59
10.64
10.64
9.56
9.56
8.5
8.5
8.49
8.49
9.26
9.26
10.19
10.19
10.28
10.28
10.04
10.04
9.85
9.85
9.64
9.64
9.8
9.8
9.93
9.93
9.59
9.59
9.7
9.7
9.88
9.88
9.82
9.82
9.74
9.74
9.84
9.84
9.75
9.75
9.84
9.84
9.8
9.8
9.95
9.95
9.87
9.87
9.72
9.72
9.8
9.8
9.76
9.76
10.02
10.02
10.3
10.3
9.99
9.99
9.44
9.44
9.16
9.16
9.33
9.33
9.59
9.59
9.81
9.81
9.81
9.81
9.76
9.76
9.7
9.7
9.95
9.95
10.03
10.03
9.95
9.95
9.81
9.81
9.7
9.7
9.68
9.68
9.6
9.6
9.65
9.65
9.77
9.77
9.83
9.83
9.69
9.69
9.72
9.72
9.68
9.68
9.7
9.7
9.8
9.8
9.76
9.76
9.84
9.84
9.74
9.74
9.7
9.7
9.8
9.8
9.61
9.61
9.71
9.71
9.85
9.85
9.85
9.71
9.71
9.59
9.59
9.76
9.76
9.74
9.74
9.76
9.76
9.68
9.68
9.63
9.63
9.77
9.77
9.81
9.81
9.75
9.75
9.61
9.61
9.72
9.72
9.75
9.75
9.84
9.84
9.89
9.89
9.85
9.85
9.68
9.68
9.59
9.59
9.46
9.46
9.87
9.87
10.49
10.49
10.31
10.31
9.49
9.49
8.97
8.97
9.07
9.07
9.63
9.63
10.25
10.25
10.24
10.24
9.86
9.86
9.57
9.57
9.5
9.5
9.57
9.57
9.81
9.81
9.98
9.98
9.78
9.78
9.77
9.77
9.55
9.55
9.67
9.67
9.78
9.78
9.79
9.79
9.65
9.65
9.78
9.78
9.87
9.87
9.59
9.59
9.48
9.48
9.8
9.8
10.14
10.14
10.18
10.18
10.09
10.09
9.67
9.67
9.09
9.09
9.41
9.41
9.9
9.9
9.96
9.96
9.86
9.86
9.66
9.66
9.58
9.58
9.73
9.73
9.94
9.94
9.97
9.97
9.63
9.63
9.53
9.53
9.62
9.62
9.78
9.78
9.69
9.69
9.78
9.78
9.85
9.85
9.72
9.72
9.76
9.76
9.88
9.88
9.78
9.78
9.77
9.77
9.62
9.62
9.57
9.57
9.79
9.79
9.85
9.85
9.8
9.8
9.77
9.77
9.65
9.65
9.8
9.8
9.8
9.8
9.71
9.71
9.73
9.73
9.75
9.75
9.7
9.7
9.66
9.66
9.8
9.8
9.89
9.89
9.69
9.69
9.54
9.54
9.51
9.51
9.51
9.62
9.62
9.56
9.56
9.81
9.81
10.49
10.49
10.21
10.21
9.85
9.85
10.19
10.19
10.32
10.32
9.42
9.42
9.42
9.42
9.81
9.81
9.83
9.83
10.46
10.46
9.96
9.96
9.48
9.48
9.53
9.53
9.77
9.77
10.22
10.22
11.09
11.09
10.41
10.41
10.9
10.9
10.6
10.6
10.67
10.67
11.0
11.0
10.38
10.38
10.27
10.27
11.38
11.38
9.27
9.27
7.91
7.91
8.66
8.66
8.83
8.83
8.88
8.88
8.17
8.17
9.37
9.37
10.03
10.03
10.22
10.22
10.33
10.33
10.79
10.79
10.26
10.26
10.95
10.95
8.52
8.52
5.7
5.7
10.24
10.24
12.68
12.68
9.77
9.77
6.87
6.87
8.42
8.42
10.19
10.19
10.94
10.94
13.54
13.54
11.62
11.62
11.23
11.23
10.08
10.08
6.38
6.38
6.65
6.65
8.74
8.74
10.06
10.06
12.49
12.49
13.78
13.78
9.74
9.74
8.23
8.23
10.23
10.23
9.94
9.94
12.04
12.04
13.27
13.27
11.39
11.39
9.95
9.95
9.02
9.02
10.65
10.65
11.07
11.07
9.46
9.46
9.98
9.98
8.72
8.72
10.1
10.1
11.13
11.13
11.11
11.11
11.18
11.18
9.57
9.57
6.79
6.79
5.88
5.88
8.95
8.95
10.75
10.75
9.25
9.25
10.17
10.17
15.99
15.99
14.61
14.61
4.29
4.29
4.08
4.08
8.59
8.59
12.51
12.51
11.6
11.6
9.93
9.93
9.38
9.38
9.38
12.19
12.19
13.75
13.75
9.62
9.62
8.06
8.06
9.73
9.73
11.1
11.1
10.57
10.57
7.26
7.26
7.24
7.24
8.49
8.49
9.16
9.16
9.01
9.01
8.77
8.77
9.19
9.19
10.09
10.09
11.57
11.57
11.65
11.65
10.22
10.22
11.98
11.98
13.59
13.59
9.63
9.63
8.84
8.84
9.79
9.79
9.38
9.38
8.65
8.65
10.51
10.51
11.15
11.15
9.89
9.89
7.35
7.35
7.78
7.78
9.13
9.13
9.98
9.98
9.38
9.38
9.01
9.01
8.89
8.89
9.09
9.09
11.75
11.75
12.67
12.67
15.1
15.1
14.34
14.34
12.12
12.12
8.57
8.57
7.75
7.75
7.94
7.94
8.71
8.71
9.63
9.63
9.89
9.89
8.95
8.95
8.22
8.22
8.16
8.16
8.93
8.93
10.31
10.31
12.55
12.55
12.35
12.35
10.96
10.96
11.27
11.27
11.29
11.29
9.36
9.36
6.8
6.8
7.3
7.3
6.12
6.12
6.69
6.69
12.02
12.02
9.58
9.58
10.04
10.04
11.1
11.1
9.27
9.27
9.84
9.84
8.37
8.37
10.07
10.07
8.75
8.75
8.65
8.65
10.71
10.71
18.42
18.42
11.32
11.32
8.43
8.43
6.93
6.93
8.35
8.35
9.46
9.46
10.68
10.68
11.85
11.85
10.94
10.94
8.21
8.21
9.47
9.47
10.73
10.73
11.37
11.37
11.2
11.2
11.69
11.69
13.01
13.01
11.71
11.71
8.5
8.5
8.5
10.16
10.16
10.53
10.53
8.84
8.84
9.21
9.21
7.86
7.86
7.74
7.74
8.13
8.13
8.74
8.74
9.04
9.04
8.19
8.19
11.97
11.97
11.36
11.36
11.39
11.39
12.1
12.1
9.86
9.86
10.35
10.35
13.59
13.59
12.83
12.83
10.04
10.04
10.11
10.11
10.22
10.22
10.6
10.6
9.93
9.93
10.17
10.17
9.77
9.77
8.92
8.92
8.37
8.37
9.61
9.61
10.27
10.27
7.64
7.64
9.18
9.18
10.84
10.84
12.33
12.33
10.24
10.24
7.81
7.81
7.78
7.78
10.15
10.15
8.91
8.91
8.12
8.12
8.84
8.84
9.28
9.28
9.01
9.01
8.25
8.25
8.12
8.12
7.57
7.57
7.3
7.3
6.88
6.88
4.92
4.92
5.43
5.43
7.7
7.7
8.92
8.92
10.84
10.84
12.26
12.26
14.12
14.12
12.87
12.87
12.34
12.34
16.35
16.35
14.68
14.68
11.6
11.6
10.65
10.65
9.64
9.64
8.06
8.06
9.85
9.85
9.87
9.87
10.5
10.5
10.95
10.95
9.1
9.1
9.37
9.37
9.91
9.91
10.75
10.75
11.22
11.22
11.74
11.74
10.45
10.45
9.69
9.69
8.9
8.9
8.39
8.39
8.1
8.1
8.72
8.72
9.17
9.17
10.15
10.15
10.92
10.92
11.13
11.13
10.81
10.81
9.95
9.95
9.44
9.44
8.18
8.18
7.77
7.77
8.69
8.69
10.18
10.18
10.19
10.19
10.41
10.41
9.86
9.86
9.02
9.02
9.02
9.02
9.02
9.77
9.77
10.25
10.25
11.28
11.28
10.53
10.53
11.11
11.11
15.29
15.29
12.65
12.65
12.43
12.43
12.62
12.62
13.12
13.12
12.07
12.07
8.7
8.7
8.63
8.63
8.88
8.88
9.21
9.21
7.82
7.82
8.62
8.62
8.37
8.37
7.59
7.59
8.06
8.06
7.81
7.81
8.1
8.1
8.1
8.1
9.39
9.39
8.52
8.52
8.2
8.2
9.58
9.58
10.03
10.03
10.21
10.21
8.42
8.42
7.99
7.99
9.05
9.05
9.9
9.9
9.08
9.08
8.06
8.06
7.2
7.2
8.96
8.96
9.48
9.48
7.49
7.49
9.91
9.91
10.11
10.11
8.33
8.33
7.69
7.69
8.57
8.57
9.21
9.21
9.29
9.29
10.74
10.74
12.17
12.17
12.86
12.86
12.53
12.53
12.19
12.19
12.16
12.16
11.51
11.51
10.46
10.46
11.48
11.48
9.16
9.16
11.37
11.37
8.84
8.84
9.72
9.72
9.72
9.72
9.79
9.79
9.95
9.95
9.62
9.62
9.37
9.37
10.09
10.09
10.13
10.13
8.76
8.76
9.77
9.77
7.18
7.18
8.86
8.86
9.68
9.68
9.75
9.75
9.7
9.7
9.71
9.71
9.7
9.7
9.7
9.7
9.7
9.7
9.7
9.7
9.7
9.7
9.71
9.71
9.7
9.7
9.75
9.75
9.57
9.57
9.8
9.8
9.75
9.75
9.61
9.61
9.76
9.76
10.24
10.24
9.02
9.02
10.5
10.5
14.1
14.1
14.1
17.59
17.59
14.57
14.57
12.69
12.69
11.14
11.14
13.51
13.51
14.33
14.33
12.29
12.29
10.31
10.31
12.38
12.38
11.94
11.94
10.26
10.26
9.38
9.38
8.92
8.92
8.4
8.4
7.49
7.49
5.57
5.57
5.0
5.0
5.52
5.52
6.74
6.74
6.17
6.17
5.27
5.27
6.74
6.74
8.41
8.41
7.83
7.83
8.87
8.87
9.97
9.97
9.9
9.9
10.17
10.17
9.79
9.79
10.24
10.24
10.04
10.04
9.76
9.76
9.83
9.83
9.32
9.32
9.28
9.28
9.29
9.29
8.4
8.4
7.5
7.5
6.26
6.26
7.13
7.13
7.13
7.13
6.72
6.72
5.85
5.85
6.16
6.16
10.32
10.32
10.79
10.79
9.03
9.03
9.69
9.69
11.8
11.8
8.75
8.75
8.52
8.52
12.36
12.36
8.78
8.78
12.04
12.04
11.91
11.91
11.04
11.04
13.62
13.62
14.52
14.52
12.22
12.22
9.32
9.32
10.34
10.34
14.05
14.05
11.62
11.62
10.5
10.5
11.2
11.2
10.16
10.16
10.87
10.87
9.43
9.43
12.22
12.22
9.6
9.6
9.52
9.52
9.48
9.48
10.13
10.13
11.36
11.36
14.09
14.09
15.32
15.32
17.36
17.36
16.23
16.23
17.39
17.39
19.56
19.56
12.45
12.45
7.17
7.17
7.58
7.58
10.49
10.49
12.27
12.27
7.56
7.56
4.41
4.41
7.77
7.77
5.8
5.8
5.79
5.79
5.14
5.14
5.14
5.06
5.06
5.49
5.49
6.7
6.7
6.33
6.33
6.13
6.13
9.54
9.54
10.27
10.27
11.6
11.6
11.87
11.87
10.73
10.73
10.54
10.54
10.23
10.23
9.99
9.99
10.17
10.17
9.44
9.44
9.52
9.52
8.56
8.56
7.97
7.97
6.71
6.71
7.73
7.73
5.97
5.97
3.43
3.43
2.91
2.91
7.88
7.88
11.63
11.63
9.59
9.59
10.51
10.51
8.86
8.86
10.16
10.16
11.88
11.88
12.92
12.92
12.21
12.21
13.09
13.09
11.3
11.3
16.01
16.01
15.3
15.3
13.19
13.19
11.41
11.41
11.63
11.63
11.1
11.1
13.38
13.38
14.28
14.28
14.86
14.86
19.06
19.06
18.66
18.66
14.68
14.68
14.03
14.03
14.68
14.68
13.94
13.94
12.03
12.03
12.42
12.42
11.39
11.39
8.26
8.26
3.89
3.89
1.81
1.81
3.11
3.11
4.35
4.35
5.65
5.65
6.14
6.14
8.76
8.76
5.99
5.99
9.01
9.01
10.24
10.24
11.17
11.17
12.15
12.15
11.02
11.02
9.57
9.57
8.46
8.46
7.95
7.95
5.4
5.4
3.63
3.63
4.45
4.45
7.57
7.57
10.91
10.91
11.44
11.44
14.29
14.29
12.51
12.51
14.01
14.01
14.35
14.35
13.25
13.25
12.06
12.06
12.71
12.71
12.75
12.75
11.38
11.38
9.4
9.4
7.37
7.37
7.37
8.16
8.16
9.73
9.73
10.14
10.14
10.1
10.1
9.43
9.43
8.81
8.81
8.83
8.83
9.86
9.86
9.58
9.58
9.25
9.25
9.43
9.43
9.62
9.62
9.78
9.78
9.22
9.22
9.14
9.14
10.61
10.61
12.14
12.14
10.56
10.56
9.82
9.82
9.37
9.37
8.57
8.57
9.74
9.74
10.65
10.65
9.45
9.45
9.98
9.98
9.28
9.28
9.56
9.56
8.38
8.38
9.37
9.37
10.81
10.81
9.02
9.02
8.88
8.88
11.43
11.43
10.39
10.39
9.94
9.94
10.22
10.22
9.63
9.63
9.28
9.28
11.19
11.19
12.17
12.17
10.94
10.94
8.83
8.83
9.72
9.72
9.88
9.88
7.92
7.92
8.52
8.52
9.14
9.14
8.47
8.47
5.89
5.89
8.18
8.18
11.08
11.08
10.71
10.71
10.14
10.14
10.53
10.53
9.55
9.55
9.75
9.75
9.87
9.87
9.6
9.6
10.08
10.08
11.59
11.59
11.55
11.55
9.26
9.26
9.05
9.05
9.11
9.11
10.15
10.15
10.78
10.78
9.31
9.31
8.31
8.31
9.12
9.12
9.76
9.76
9.93
9.93
9.65
9.65
11.15
11.15
11.22
11.22
11.21
11.21
10.69
10.69
10.9
10.9
11.0
11.0
11.12
11.12
10.52
10.52
9.59
9.59
9.35
9.35
9.56
9.56
8.6
8.6
7.4
7.4
7.43
7.43
8.01
8.01
9.26
9.26
9.26
9.08
9.08
9.22
9.22
10.3
10.3
10.06
10.06
10.7
10.7
10.47
10.47
10.13
10.13
11.76
11.76
12.46
12.46
9.72
9.72
6.94
6.94
7.78
7.78
10.83
10.83
11.71
11.71
10.17
10.17
8.55
8.55
8.73
8.73
9.5
9.5
9.41
9.41
8.84
8.84
9.24
9.24
10.01
10.01
10.48
10.48
11.61
11.61
10.74
10.74
10.22
10.22
11.22
11.22
11.66
11.66
10.23
10.23
8.3
8.3
8.97
8.97
9.78
9.78
8.35
8.35
8.14
8.14
9.62
9.62
9.89
9.89
9.1
9.1
8.56
8.56
10.21
10.21
11.56
11.56
11.03
11.03
9.67
9.67
10.71
10.71
10.54
10.54
9.52
9.52
9.28
9.28
8.49
8.49
10.63
10.63
11.62
11.62
9.97
9.97
9.51
9.51
9.37
9.37
8.99
8.99
8.52
8.52
8.26
8.26
9.66
9.66
12.55
12.55
11.85
11.85
9.77
9.77
8.91
8.91
8.82
8.82
10.53
10.53
11.03
11.03
9.99
9.99
7.88
7.88
